Agreeableness,Conscientiousness,Extraversion,Neuroticism,Openness
0.22819823026657104,0.0108841387555003,0.2451881915330887,0.2229744493961334,0.292754977941513
0.2451881617307663,0.2229744493961334,0.228198230266571,0.0108841387555003,0.292754977941513
0.2451881617307663,0.2229744493961334,0.228198230266571,0.0108841387555003,0.292754977941513
0.2451881915330887,0.2229744493961334,0.228198230266571,0.0108841387555003,0.292754977941513
0.2451881915330887,0.2229744493961334,0.228198230266571,0.0108841387555003,0.292754977941513
0.2451881915330887,0.2229744493961334,0.228198230266571,0.0108841387555003,0.292754977941513
0.2451881915330887,0.2229744493961334,0.228198230266571,0.0108841387555003,0.292754977941513
0.2451881617307663,0.2229744493961334,0.228198230266571,0.0108841387555003,0.292754977941513
0.2451881915330887,0.2229744493961334,0.228198230266571,0.0108841387555003,0.292754977941513
0.2451881915330887,0.2229744493961334,0.228198230266571,0.0108841387555003,0.292754977941513
0.2451881915330887,0.2229744493961334,0.228198230266571,0.0108841387555003,0.292754977941513
0.2451881617307663,0.2229744493961334,0.228198230266571,0.0108841387555003,0.292754977941513
0.2451881617307663,0.2229744493961334,0.228198230266571,0.0108841387555003,0.292754977941513
0.2451881617307663,0.2229744493961334,0.228198230266571,0.0108841387555003,0.292754977941513
0.2451881617307663,0.2229744493961334,0.228198230266571,0.0108841387555003,0.292754977941513
0.2451881617307663,0.2229744493961334,0.228198230266571,0.0108841387555003,0.292754977941513
0.2451881915330887,0.2229744493961334,0.228198230266571,0.0108841387555003,0.292754977941513
0.2451881915330887,0.2229744493961334,0.228198230266571,0.0108841387555003,0.292754977941513
0.2451881915330887,0.2229744493961334,0.228198230266571,0.0108841387555003,0.292754977941513
0.2451881915330887,0.2229744493961334,0.228198230266571,0.0108841387555003,0.292754977941513
0.2451881915330887,0.2229744493961334,0.228198230266571,0.0108841387555003,0.292754977941513
0.2451881915330887,0.2229744493961334,0.228198230266571,0.0108841387555003,0.292754977941513
0.2451881915330887,0.2229744493961334,0.228198230266571,0.0108841387555003,0.292754977941513
0.2451881915330887,0.2229744493961334,0.228198230266571,0.0108841387555003,0.292754977941513
0.2451881915330887,0.2229744493961334,0.228198230266571,0.0108841387555003,0.292754977941513
0.2451881915330887,0.2229744493961334,0.228198230266571,0.0108841387555003,0.292754977941513
0.2451881915330887,0.2229744493961334,0.228198230266571,0.0108841387555003,0.292754977941513
0.2451881915330887,0.2229744493961334,0.228198230266571,0.0108841387555003,0.292754977941513
0.2451881915330887,0.2229744493961334,0.228198230266571,0.0108841387555003,0.292754977941513
0.2451881915330887,0.2229744493961334,0.228198230266571,0.0108841387555003,0.292754977941513
0.2451881915330887,0.2229744493961334,0.228198230266571,0.0108841387555003,0.292754977941513
0.2451881915330887,0.2229744493961334,0.228198230266571,0.0108841387555003,0.292754977941513
0.2451881915330887,0.2229744493961334,0.228198230266571,0.0108841387555003,0.292754977941513
0.2451881617307663,0.2229744493961334,0.228198230266571,0.0108841387555003,0.292754977941513
0.044551074504852295,0.0236797574907541,0.0801296457648277,0.4980302751064301,0.3536092042922973
0.2384287863969803,0.2316708862781525,0.2211544513702392,0.0088545298203825,0.299891322851181
0.2451882064342499,0.2229744344949722,0.2281982153654098,0.0108841387555003,0.292754977941513
0.24525423347949984,0.2228835821151733,0.2282601296901703,0.010899499990046,0.2927025258541107
0.3291245698928833,0.0307422578334808,0.3217907845973968,0.3018424212932587,0.0164998956024646
0.2451827079057693,0.2229821383953094,0.2281933277845383,0.0108829205855727,0.2927589118480682
0.3628151118755341,0.0198727659881114,0.3443338572978973,0.2583957612514496,0.0145825892686843
0.044551074504852295,0.0236797574907541,0.0801296457648277,0.4980302751064301,0.3536092042922973
0.044551074504852295,0.0236797574907541,0.0801296457648277,0.4980302751064301,0.3536092042922973
0.044551074504852295,0.0236797574907541,0.0801296457648277,0.4980302751064301,0.3536092042922973
0.044551074504852295,0.0236797574907541,0.0801296457648277,0.4980302751064301,0.3536092042922973
0.044551074504852295,0.0236797574907541,0.0801296457648277,0.4980302751064301,0.3536092042922973
0.2451882064342499,0.2229744344949722,0.2281982153654098,0.0108841387555003,0.292754977941513
0.2451882064342499,0.2229744344949722,0.2281982153654098,0.0108841387555003,0.292754977941513
0.044551074504852295,0.0236797574907541,0.0801296457648277,0.4980302751064301,0.3536092042922973
0.044551074504852295,0.0236797574907541,0.0801296457648277,0.4980302751064301,0.3536092042922973
0.044551074504852295,0.0236797574907541,0.0801296457648277,0.4980302751064301,0.3536092042922973
0.044551074504852295,0.0236797574907541,0.0801296457648277,0.4980302751064301,0.3536092042922973
0.2451882064342499,0.2229744344949722,0.2281982153654098,0.0108841387555003,0.292754977941513
0.2451882064342499,0.2229744344949722,0.2281982153654098,0.0108841387555003,0.292754977941513
0.2451882064342499,0.2229744344949722,0.2281982153654098,0.0108841387555003,0.292754977941513
0.2451882064342499,0.2229744344949722,0.2281982153654098,0.0108841387555003,0.292754977941513
0.2451882064342499,0.2229744344949722,0.2281982153654098,0.0108841387555003,0.292754977941513
0.2451882064342499,0.2229744344949722,0.2281982153654098,0.0108841387555003,0.292754977941513
0.2451882064342499,0.2229744344949722,0.2281982153654098,0.0108841387555003,0.292754977941513
0.2451882064342499,0.2229744344949722,0.2281982153654098,0.0108841387555003,0.292754977941513
0.2451882064342499,0.2229744344949722,0.2281982153654098,0.0108841387555003,0.292754977941513
0.2451882064342499,0.2229744344949722,0.2281982153654098,0.0108841387555003,0.292754977941513
0.2451882064342499,0.2229744344949722,0.2281982153654098,0.0108841387555003,0.292754977941513
0.2451882064342499,0.2229744344949722,0.2281982153654098,0.0108841387555003,0.292754977941513
0.2451882064342499,0.2229744344949722,0.2281982153654098,0.0108841387555003,0.292754977941513
0.2451882064342499,0.2229744344949722,0.2281982153654098,0.0108841387555003,0.292754977941513
0.2451882064342499,0.2229744344949722,0.2281982153654098,0.0108841387555003,0.292754977941513
0.2451882064342499,0.2229744344949722,0.2281982153654098,0.0108841387555003,0.292754977941513
0.2451882064342499,0.2229744344949722,0.2281982153654098,0.0108841387555003,0.292754977941513
0.2451882064342499,0.2229744344949722,0.2281982153654098,0.0108841387555003,0.292754977941513
0.2451882064342499,0.2229744344949722,0.2281982153654098,0.0108841387555003,0.292754977941513
0.2451882064342499,0.2229744344949722,0.2281982153654098,0.0108841387555003,0.292754977941513
0.2451882064342499,0.2229744344949722,0.2281982153654098,0.0108841387555003,0.292754977941513
0.2451882064342499,0.2229744344949722,0.2281982153654098,0.0108841387555003,0.292754977941513
0.2451882064342499,0.2229744344949722,0.2281982153654098,0.0108841387555003,0.292754977941513
0.2451882064342499,0.2229744344949722,0.2281982153654098,0.0108841387555003,0.292754977941513
0.2451882064342499,0.2229744344949722,0.2281982153654098,0.0108841387555003,0.292754977941513
0.2451882064342499,0.2229744344949722,0.2281982153654098,0.0108841387555003,0.292754977941513
0.2451882064342499,0.2229744344949722,0.2281982153654098,0.0108841387555003,0.292754977941513
0.2451882064342499,0.2229744344949722,0.2281982153654098,0.0108841387555003,0.292754977941513
0.2451882064342499,0.2229744344949722,0.2281982153654098,0.0108841387555003,0.292754977941513
0.2451882064342499,0.2229744344949722,0.2281982153654098,0.0108841387555003,0.292754977941513
0.2451882064342499,0.2229744344949722,0.2281982153654098,0.0108841387555003,0.292754977941513
0.2451882064342499,0.2229744344949722,0.2281982153654098,0.0108841387555003,0.292754977941513
0.2451882064342499,0.2229744344949722,0.2281982153654098,0.0108841387555003,0.292754977941513
0.2451882064342499,0.2229744344949722,0.2281982153654098,0.0108841387555003,0.292754977941513
0.2451882064342499,0.2229744344949722,0.2281982153654098,0.0108841387555003,0.292754977941513
0.2451882064342499,0.2229744344949722,0.2281982153654098,0.0108841387555003,0.292754977941513
0.2451882064342499,0.2229744344949722,0.2281982153654098,0.0108841387555003,0.292754977941513
0.2451882064342499,0.2229744344949722,0.2281982153654098,0.0108841387555003,0.292754977941513
0.2451882064342499,0.2229744344949722,0.2281982153654098,0.0108841387555003,0.292754977941513
0.2451882064342499,0.2229744344949722,0.2281982153654098,0.0108841387555003,0.292754977941513
0.2451882064342499,0.2229744344949722,0.2281982153654098,0.0108841387555003,0.292754977941513
0.2451882064342499,0.2229744344949722,0.2281982153654098,0.0108841387555003,0.292754977941513
0.2451882064342499,0.2229744344949722,0.2281982153654098,0.0108841387555003,0.292754977941513
0.2451882064342499,0.2229744344949722,0.2281982153654098,0.0108841387555003,0.292754977941513
0.2451882064342499,0.2229744344949722,0.2281982153654098,0.0108841387555003,0.292754977941513
0.2451882064342499,0.2229744344949722,0.2281982153654098,0.0108841387555003,0.292754977941513
0.2451882064342499,0.2229744344949722,0.2281982153654098,0.0108841387555003,0.292754977941513
0.2451882064342499,0.2229744344949722,0.2281982153654098,0.0108841387555003,0.292754977941513
0.2451882064342499,0.2229744344949722,0.2281982153654098,0.0108841387555003,0.292754977941513
0.2451882064342499,0.2229744344949722,0.2281982153654098,0.0108841387555003,0.292754977941513
0.2451882064342499,0.2229744344949722,0.2281982153654098,0.0108841387555003,0.292754977941513
0.2451882064342499,0.2229744344949722,0.2281982153654098,0.0108841387555003,0.292754977941513
0.2451882064342499,0.2229744344949722,0.2281982153654098,0.0108841387555003,0.292754977941513
0.2451882064342499,0.2229744344949722,0.2281982153654098,0.0108841387555003,0.292754977941513
0.2451882064342499,0.2229744344949722,0.2281982153654098,0.0108841387555003,0.292754977941513
0.2451882064342499,0.2229744344949722,0.2281982153654098,0.0108841387555003,0.292754977941513
0.2451882064342499,0.2229744344949722,0.2281982153654098,0.0108841387555003,0.292754977941513
0.2451882064342499,0.2229744344949722,0.2281982153654098,0.0108841387555003,0.292754977941513
0.2451882064342499,0.2229744344949722,0.2281982153654098,0.0108841387555003,0.292754977941513
0.2451882064342499,0.2229744344949722,0.2281982153654098,0.0108841387555003,0.292754977941513
0.2451882064342499,0.2229744344949722,0.2281982153654098,0.0108841387555003,0.292754977941513
0.2451882064342499,0.2229744344949722,0.2281982153654098,0.0108841387555003,0.292754977941513
0.2451882064342499,0.2229744344949722,0.2281982153654098,0.0108841387555003,0.292754977941513
0.2451882064342499,0.2229744344949722,0.2281982153654098,0.0108841387555003,0.292754977941513
0.2451882064342499,0.2229744344949722,0.2281982153654098,0.0108841387555003,0.292754977941513
0.2451882064342499,0.2229744344949722,0.2281982153654098,0.0108841387555003,0.292754977941513
0.2451882064342499,0.2229744344949722,0.2281982153654098,0.0108841387555003,0.292754977941513
0.08302895724773407,0.2630018591880798,0.1115247085690498,0.2848519682884216,0.2575925290584564
0.07330887019634247,0.2784692049026489,0.1043730601668357,0.2865116894245148,0.2573371827602386
0.07330887019634247,0.2784692049026489,0.1043730601668357,0.2865116894245148,0.2573371827602386
0.07330887019634247,0.2784692049026489,0.1043730601668357,0.2865116894245148,0.2573371827602386
0.07330887019634247,0.2784692049026489,0.1043730601668357,0.2865116894245148,0.2573371827602386
0.2453225255012512,0.2231529206037521,0.2285771816968917,0.0109784407541155,0.2919689416885376
0.2453225255012512,0.2231529206037521,0.2285771816968917,0.0109784407541155,0.2919689416885376
0.2453225255012512,0.2231529206037521,0.2285771816968917,0.0109784407541155,0.2919689416885376
0.24499526619911194,0.2232170403003692,0.2280288189649582,0.0108505645766854,0.292908251285553
0.24499526619911194,0.2232170403003692,0.2280288189649582,0.0108505645766854,0.292908251285553
0.2451882064342499,0.2229744344949722,0.2281982153654098,0.0108841387555003,0.292754977941513
0.2451882064342499,0.2229744344949722,0.2281982153654098,0.0108841387555003,0.292754977941513
0.2451882064342499,0.2229744344949722,0.2281982153654098,0.0108841387555003,0.292754977941513
0.2451882064342499,0.2229744344949722,0.2281982153654098,0.0108841387555003,0.292754977941513
0.15881004929542542,0.1799110770225525,0.1800747811794281,0.4080700576305389,0.0731340497732162
0.15881004929542542,0.1799110770225525,0.1800747811794281,0.4080700576305389,0.0731340497732162
0.15881004929542542,0.1799110770225525,0.1800747811794281,0.4080700576305389,0.0731340497732162
0.15881004929542542,0.1799110770225525,0.1800747811794281,0.4080700576305389,0.0731340497732162
0.15881004929542542,0.1799110770225525,0.1800747811794281,0.4080700576305389,0.0731340497732162
0.15881004929542542,0.1799110770225525,0.1800747811794281,0.4080700576305389,0.0731340497732162
0.15881004929542542,0.1799110770225525,0.1800747811794281,0.4080700576305389,0.0731340497732162
0.15881004929542542,0.1799110770225525,0.1800747811794281,0.4080700576305389,0.0731340497732162
0.15881004929542542,0.1799110770225525,0.1800747811794281,0.4080700576305389,0.0731340497732162
0.13202784955501554,0.0237207468599081,0.1524262130260467,0.3240199387073517,0.3678053319454193
0.13202784955501554,0.0237207468599081,0.1524262130260467,0.3240199387073517,0.3678053319454193
0.22262103855609894,0.082861341536045,0.2335896641016006,0.4412801563739777,0.0196477379649877
0.22262103855609894,0.082861341536045,0.2335896641016006,0.4412801563739777,0.0196477379649877
0.21728354692459104,0.0771868154406547,0.2320666164159775,0.4528437852859497,0.0206192173063755
0.21728354692459104,0.0771868154406547,0.2320666164159775,0.4528437852859497,0.0206192173063755
0.2909279465675354,0.3018627464771271,0.2157977819442749,0.1861079484224319,0.0053035551682114
0.2909279465675354,0.3018627464771271,0.2157977819442749,0.1861079484224319,0.0053035551682114
0.1821022480726242,0.1562461853027343,0.1497754454612732,0.3081181347370148,0.2037580460309982
0.1821022480726242,0.1562461853027343,0.1497754454612732,0.3081181347370148,0.2037580460309982
0.2476610541343689,0.2206771671772003,0.231057733297348,0.0126102045178413,0.2879939079284668
0.2476610541343689,0.2206771671772003,0.231057733297348,0.0126102045178413,0.2879939079284668
0.2447648197412491,0.2237109392881393,0.2280386835336685,0.0109522948041558,0.292533278465271
0.2447648197412491,0.2237109392881393,0.2280386835336685,0.0109522948041558,0.292533278465271
0.0835515558719635,0.0376218259334564,0.1137731298804283,0.4335751831531525,0.3314782679080963
0.0835515558719635,0.0376218259334564,0.1137731298804283,0.4335751831531525,0.3314782679080963
0.0835515558719635,0.0376218259334564,0.1137731298804283,0.4335751831531525,0.3314782679080963
0.0835515558719635,0.0376218259334564,0.1137731298804283,0.4335751831531525,0.3314782679080963
0.3102996647357941,0.181115373969078,0.296110063791275,0.0438228510320186,0.1686520278453827
0.3102996647357941,0.181115373969078,0.296110063791275,0.0438228510320186,0.1686520278453827
0.3102996647357941,0.181115373969078,0.296110063791275,0.0438228510320186,0.1686520278453827
0.3102996647357941,0.181115373969078,0.296110063791275,0.0438228510320186,0.1686520278453827
0.3102996647357941,0.181115373969078,0.296110063791275,0.0438228510320186,0.1686520278453827
0.3102996647357941,0.181115373969078,0.296110063791275,0.0438228510320186,0.1686520278453827
0.3102996647357941,0.181115373969078,0.296110063791275,0.0438228510320186,0.1686520278453827
0.3102996647357941,0.181115373969078,0.296110063791275,0.0438228510320186,0.1686520278453827
0.3102996647357941,0.181115373969078,0.296110063791275,0.0438228510320186,0.1686520278453827
0.3102996647357941,0.181115373969078,0.296110063791275,0.0438228510320186,0.1686520278453827
0.2451882064342499,0.2229744344949722,0.2281982153654098,0.0108841387555003,0.292754977941513
0.2451882064342499,0.2229744344949722,0.2281982153654098,0.0108841387555003,0.292754977941513
0.2451882064342499,0.2229744344949722,0.2281982153654098,0.0108841387555003,0.292754977941513
0.2451882064342499,0.2229744344949722,0.2281982153654098,0.0108841387555003,0.292754977941513
0.2451882064342499,0.2229744344949722,0.2281982153654098,0.0108841387555003,0.292754977941513
0.2451882064342499,0.2229744344949722,0.2281982153654098,0.0108841387555003,0.292754977941513
0.2451882064342499,0.2229744344949722,0.2281982153654098,0.0108841387555003,0.292754977941513
0.2451882064342499,0.2229744344949722,0.2281982153654098,0.0108841387555003,0.292754977941513
0.2451882064342499,0.2229744344949722,0.2281982153654098,0.0108841387555003,0.292754977941513
0.2451882064342499,0.2229744344949722,0.2281982153654098,0.0108841387555003,0.292754977941513
0.2451882064342499,0.2229744344949722,0.2281982153654098,0.0108841387555003,0.292754977941513
0.2451882064342499,0.2229744344949722,0.2281982153654098,0.0108841387555003,0.292754977941513
0.2451882064342499,0.2229744344949722,0.2281982153654098,0.0108841387555003,0.292754977941513
0.2451882064342499,0.2229744344949722,0.2281982153654098,0.0108841387555003,0.292754977941513
0.2451882064342499,0.2229744344949722,0.2281982153654098,0.0108841387555003,0.292754977941513
0.2451882064342499,0.2229744344949722,0.2281982153654098,0.0108841387555003,0.292754977941513
0.2451882064342499,0.2229744344949722,0.2281982153654098,0.0108841387555003,0.292754977941513
0.2451882064342499,0.2229744344949722,0.2281982153654098,0.0108841387555003,0.292754977941513
0.2451882064342499,0.2229744344949722,0.2281982153654098,0.0108841387555003,0.292754977941513
0.2451882064342499,0.2229744344949722,0.2281982153654098,0.0108841387555003,0.292754977941513
0.2451882064342499,0.2229744344949722,0.2281982153654098,0.0108841387555003,0.292754977941513
0.2451882064342499,0.2229744344949722,0.2281982153654098,0.0108841387555003,0.292754977941513
0.2451882064342499,0.2229744344949722,0.2281982153654098,0.0108841387555003,0.292754977941513
0.2451882064342499,0.2229744344949722,0.2281982153654098,0.0108841387555003,0.292754977941513
0.2451882064342499,0.2229744344949722,0.2281982153654098,0.0108841387555003,0.292754977941513
0.2451882064342499,0.2229744344949722,0.2281982153654098,0.0108841387555003,0.292754977941513
0.2451882064342499,0.2229744344949722,0.2281982153654098,0.0108841387555003,0.292754977941513
0.2451882064342499,0.2229744344949722,0.2281982153654098,0.0108841387555003,0.292754977941513
0.2451882064342499,0.2229744344949722,0.2281982153654098,0.0108841387555003,0.292754977941513
0.2451882064342499,0.2229744344949722,0.2281982153654098,0.0108841387555003,0.292754977941513
0.2451882064342499,0.2229744344949722,0.2281982153654098,0.0108841387555003,0.292754977941513
0.2451882064342499,0.2229744344949722,0.2281982153654098,0.0108841387555003,0.292754977941513
0.2451882064342499,0.2229744344949722,0.2281982153654098,0.0108841387555003,0.292754977941513
0.2451882064342499,0.2229744344949722,0.2281982153654098,0.0108841387555003,0.292754977941513
0.2451882064342499,0.2229744344949722,0.2281982153654098,0.0108841387555003,0.292754977941513
0.2451882064342499,0.2229744344949722,0.2281982153654098,0.0108841387555003,0.292754977941513
0.2451882064342499,0.2229744344949722,0.2281982153654098,0.0108841387555003,0.292754977941513
0.2451882064342499,0.2229744344949722,0.2281982153654098,0.0108841387555003,0.292754977941513
0.2451882064342499,0.2229744344949722,0.2281982153654098,0.0108841387555003,0.292754977941513
0.2451882064342499,0.2229744344949722,0.2281982153654098,0.0108841387555003,0.292754977941513
<<<<<<< HEAD,,,,
0.3102996647357941,0.181115373969078,0.296110063791275,0.0438228510320186,0.1686520278453827
0.3102996647357941,0.181115373969078,0.296110063791275,0.0438228510320186,0.1686520278453827
0.3102996647357941,0.181115373969078,0.296110063791275,0.0438228510320186,0.1686520278453827
0.3102996647357941,0.181115373969078,0.296110063791275,0.0438228510320186,0.1686520278453827
0.3102996647357941,0.181115373969078,0.296110063791275,0.0438228510320186,0.1686520278453827
0.31029966473579407,0.181115373969078,0.296110063791275,0.0438228510320186,0.1686520278453827
=======,,,,
0.24524909257888794,0.2229149490594864,0.2282719016075134,0.0108960857614874,0.292667955160141
>>>>>>> f5d77ca6bf9ee142e8625d0da5f5140497ddd45d,,,,
0.3400079309940338,0.2084184288978576,0.3019041121006012,0.1256809383630752,0.0239886827766895
0.3400079309940338,0.2084184288978576,0.3019041121006012,0.1256809383630752,0.0239886827766895
0.3400079309940338,0.2084184288978576,0.3019041121006012,0.1256809383630752,0.0239886827766895
0.3400079309940338,0.2084184288978576,0.3019041121006012,0.1256809383630752,0.0239886827766895
0.3400079309940338,0.2084184288978576,0.3019041121006012,0.1256809383630752,0.0239886827766895
0.3400079309940338,0.2084184288978576,0.3019041121006012,0.1256809383630752,0.0239886827766895
0.3400079309940338,0.2084184288978576,0.3019041121006012,0.1256809383630752,0.0239886827766895
0.24518819153308868,0.2229744046926498,0.2281982153654098,0.0108841387555003,0.292754977941513
0.1920720487833023,0.2187299132347107,0.1517807394266128,0.2803973853588104,0.1570199280977249
0.25577202439308167,0.2011839896440506,0.257694810628891,0.0639778524637222,0.2213713526725769
0.24518819153308868,0.2229744046926498,0.2281982153654098,0.0108841387555003,0.292754977941513
0.24518819153308868,0.2229744046926498,0.2281982153654098,0.0108841387555003,0.292754977941513
0.24518819153308868,0.2229744046926498,0.2281982153654098,0.0108841387555003,0.292754977941513
0.24772468209266663,0.2210457772016525,0.2320275753736496,0.0124343875795602,0.2867675125598907
0.24518820643424988,0.2229744344949722,0.2281982153654098,0.0108841387555003,0.292754977941513
0.06292995810508728,0.0273627191781997,0.0981613546609878,0.4600863456726074,0.35145965218544
0.20316152274608612,0.1809106767177581,0.1604353785514831,0.2459425628185272,0.2095498889684677
0.24518820643424988,0.2229744344949722,0.2281982153654098,0.0108841387555003,0.292754977941513
0.24518820643424988,0.22297443449497223,0.22819821536540985,0.010884138755500317,0.29275497794151306
